287 4
1 2 37 0
1 21 2 0
1 31 6 0
1 47 4 0
1 201 7 0
1 259 8 0
2 31 6 0
2 47 10 0
2 201 13 0
2 259 8 0
3 75 1 0
3 79 1 0
3 154 1 0
3 245 1 0
3 272 1 0
4 8 1 0
4 43 2 0
4 65 1 0
4 110 1 0
4 145 1 0
4 179 1 0
4 194 1 0
4 196 1 0
4 208 1 0
5 63 1 0
5 135 1 0
5 147 2 0
5 153 3 0
6 48 3 0
7 74 1 0
7 102 1 0
8 33 1 0
8 88 1 0
8 142 2 0
9 120 1 0
9 205 1 0
9 216 5 0
9 229 1 0
9 283 1 0
10 44 2 0
10 54 1 0
10 143 1 0
10 147 1 0
10 178 1 0
10 229 1 0
10 245 1 0
11 13 1 0
11 25 1 0
11 90 1 0
11 101 2 0
11 179 5 0
12 15 6 0
12 93 1 0
13 27 1 0
13 34 1 0
13 44 1 0
13 59 1 0
13 111 1 0
13 116 6 0
13 180 1 0
13 215 1 0
13 230 1 0
13 234 1 0
13 244 3 0
13 282 3 0
13 283 1 0
14 37 1 0
14 101 1 0
14 140 2 0
14 217 1 0
14 223 2 0
15 38 1 0
15 148 1 0
15 253 1 0
16 45 1 0
16 54 1 0
16 88 1 0
16 126 1 0
16 146 2 0
16 163 1 0
16 179 1 0
16 188 1 0
16 202 1 0
16 215 2 0
17 48 2 0
17 108 1 0
17 117 2 0
18 33 1 0
18 98 2 0
18 190 2 0
18 225 1 0
18 283 2 0
19 48 1 0
19 151 1 0
19 165 1 0
19 187 1 0
20 21 14 0
20 28 5 0
21 28 23 0
21 66 1 0
22 25 1 0
22 38 1 0
22 165 1 0
22 221 1 0
23 46 1 0
23 62 1 0
23 165 1 0
23 169 1 0
23 178 1 0
24 75 1 0
24 79 1 0
24 93 3 0
25 33 1 0
25 38 2 0
25 98 1 0
25 221 14 0
25 250 1 0
25 253 4 0
25 283 1 0
26 27 5 0
26 129 2 0
26 183 1 0
26 245 1 0
27 43 1 0
27 59 1 0
27 99 1 0
27 122 1 0
27 130 1 0
27 140 2 0
27 153 1 0
27 160 1 0
27 165 1 0
27 171 1 0
27 227 1 0
27 240 2 0
27 245 1 0
29 34 4 0
29 120 1 0
29 168 3 0
29 235 1 0
29 244 4 0
30 58 1 0
30 87 1 0
30 115 1 0
30 151 1 0
30 177 1 0
30 207 2 0
31 201 3 0
31 234 1 0
31 239 1 0
32 48 1 0
32 145 1 0
32 147 1 0
32 172 1 0
32 212 1 0
32 221 1 0
33 39 1 0
33 71 2 0
33 119 1 0
33 155 1 0
33 162 1 0
33 221 1 0
33 253 1 0
33 282 2 0
34 145 1 0
34 157 1 0
34 168 1 0
34 175 1 0
34 178 1 0
34 204 1 0
34 240 1 0
34 244 1 0
35 136 3 0
37 44 1 0
37 65 1 0
37 79 1 0
37 92 1 0
37 145 2 0
37 152 1 0
37 170 1 0
37 223 1 0
37 235 1 0
37 255 1 0
38 43 1 0
38 44 1 0
38 49 1 0
38 54 1 0
38 71 1 0
38 89 1 0
38 98 2 0
38 110 1 0
38 123 2 0
38 143 1 0
38 166 1 0
38 172 2 0
38 178 1 0
38 221 4 0
38 253 6 0
38 262 1 0
39 79 1 0
39 102 1 0
39 117 2 0
39 120 1 0
39 150 1 0
39 208 1 0
39 239 2 0
40 55 1 0
40 99 2 0
40 101 1 0
40 146 1 0
40 225 1 0
41 42 2 0
41 107 2 0
41 125 2 0
41 233 1 0
41 235 4 0
42 60 2 0
42 74 3 0
42 107 9 0
42 127 1 0
42 149 1 0
42 206 2 0
42 248 2 0
43 133 1 0
44 69 2 0
44 76 1 0
44 83 1 0
44 116 1 0
44 170 1 0
44 173 1 0
45 54 1 0
45 55 2 0
45 58 1 0
45 75 1 0
45 91 1 0
45 110 1 0
45 113 1 0
45 146 2 0
45 188 1 0
45 245 1 0
46 57 1 0
46 65 1 0
46 100 1 0
46 145 2 0
46 151 1 0
46 165 4 0
47 201 7 0
47 221 2 0
48 75 1 0
48 97 1 0
48 119 1 0
48 151 1 0
48 235 1 0
48 252 3 0
49 76 1 0
49 123 1 0
49 194 1 0
49 200 3 0
49 203 3 0
49 246 1 0
50 66 5 0
50 122 1 0
51 77 1 0
51 100 1 0
51 180 1 0
52 186 1 0
53 69 1 0
53 70 1 0
53 87 1 0
53 110 1 0
53 137 1 0
53 141 1 0
53 142 2 0
53 145 2 0
53 154 1 0
53 162 1 0
53 183 1 0
53 212 1 0
53 234 2 0
54 59 1 0
54 90 1 0
54 99 1 0
54 114 1 0
54 127 1 0
54 166 1 0
54 178 1 0
54 222 1 0
54 228 1 0
55 123 1 0
55 133 1 0
55 146 2 0
55 222 1 0
56 91 1 0
56 104 1 0
56 135 1 0
56 148 1 0
56 160 1 0
56 190 1 0
56 219 1 0
56 235 4 0
56 238 1 0
56 240 3 0
57 126 2 0
57 242 1 0
57 243 1 0
57 283 1 0
58 74 3 0
58 75 2 0
58 95 1 0
58 97 1 0
58 100 3 0
58 118 6 0
59 65 1 0
59 110 1 0
59 127 4 0
59 141 1 0
59 240 1 0
60 61 5 0
60 67 3 0
60 74 1 0
60 102 1 0
60 206 1 0
60 248 1 0
61 98 1 0
61 146 1 0
61 147 1 0
62 101 1 0
62 193 1 0
62 283 2 0
63 162 2 0
63 166 1 0
63 168 2 0
63 206 1 0
64 82 2 0
64 166 1 0
64 238 1 0
65 93 3 0
65 165 2 0
65 180 1 0
67 87 1 0
67 152 1 0
67 205 1 0
68 155 1 0
68 186 1 0
69 70 19 0
69 95 1 0
69 131 1 0
69 132 1 0
69 155 1 0
69 156 5 0
69 208 1 0
69 242 1 0
69 243 1 0
70 95 1 0
70 132 1 0
70 156 2 0
71 102 1 0
71 166 1 0
71 183 2 0
72 254 1 0
72 271 1 0
74 84 1 0
74 121 1 0
74 175 1 0
74 206 1 0
75 86 2 0
75 90 1 0
75 123 1 0
75 137 1 0
75 157 1 0
75 166 2 0
75 208 1 0
76 96 5 0
76 113 1 0
76 140 1 0
76 169 2 0
76 177 3 0
76 189 1 0
76 196 2 0
76 218 4 0
76 219 3 0
77 109 1 0
77 150 1 0
77 152 1 0
77 162 2 0
78 249 3 0
79 153 1 0
79 205 1 0
79 245 1 0
81 216 5 0
83 173 1 0
83 212 2 0
84 157 1 0
84 178 1 0
84 187 5 0
85 189 1 0
86 101 1 0
86 166 8 0
87 98 1 0
87 99 1 0
88 93 1 0
88 188 1 0
89 152 1 0
89 160 1 0
89 189 1 0
89 228 1 0
90 117 1 0
90 143 1 0
91 113 1 0
91 132 1 0
91 240 1 0
92 119 1 0
92 145 2 0
92 146 3 0
92 160 2 0
93 123 1 0
93 142 2 0
94 117 1 0
94 219 1 0
94 255 1 0
95 103 2 0
95 162 1 0
95 185 3 0
95 255 3 0
95 267 1 0
96 113 1 0
96 218 8 0
96 219 10 0
97 116 2 0
97 129 1 0
97 154 1 0
98 119 1 0
98 160 1 0
98 186 2 0
98 190 6 0
98 221 1 0
98 225 1 0
98 226 1 0
98 250 1 0
98 253 3 0
98 262 2 0
99 125 1 0
99 147 2 0
99 153 1 0
100 101 2 0
100 152 1 0
100 180 1 0
100 190 1 0
100 206 1 0
100 267 1 0
100 273 1 0
100 282 3 0
101 166 1 0
101 271 1 0
102 145 1 0
102 256 4 0
103 145 1 0
103 147 1 0
104 177 1 0
105 175 1 0
105 235 1 0
106 139 1 0
106 257 2 0
107 127 1 0
108 110 1 0
108 163 1 0
108 248 1 0
109 147 1 0
109 160 2 0
110 145 2 0
110 153 1 0
110 178 1 0
110 186 1 0
110 220 1 0
110 222 1 0
110 240 2 0
110 269 1 0
111 115 2 0
111 121 1 0
111 177 1 0
111 181 1 0
112 124 2 0
112 229 7 0
113 128 1 0
113 140 1 0
113 145 1 0
113 171 1 0
113 194 1 0
113 205 2 0
113 218 1 0
113 227 1 0
113 238 1 0
113 277 1 0
114 131 1 0
114 187 3 0
115 125 1 0
115 161 1 0
116 133 1 0
116 154 1 0
117 120 1 0
117 133 1 0
118 122 1 0
118 192 4 0
118 235 3 0
118 236 1 0
119 147 1 0
119 157 1 0
119 170 1 0
119 186 1 0
119 231 3 0
120 121 1 0
120 127 2 0
120 148 1 0
120 182 2 0
120 244 9 0
120 283 4 0
121 127 1 0
121 142 1 0
121 148 1 0
121 202 2 0
121 208 3 0
122 146 1 0
122 183 1 0
122 194 1 0
122 282 3 0
123 125 3 0
123 143 1 0
123 208 1 0
124 134 2 0
124 137 1 0
125 234 1 0
125 256 1 0
127 148 2 0
127 192 1 0
127 234 3 0
128 132 1 0
128 180 1 0
128 215 1 0
128 235 1 0
130 151 1 0
130 170 1 0
130 171 1 0
130 282 1 0
131 155 3 0
131 208 1 0
131 235 2 0
132 142 1 0
132 160 2 0
132 170 1 0
133 186 1 0
134 225 1 0
134 247 1 0
135 226 4 0
139 257 7 0
142 262 1 0
142 273 1 0
143 157 1 0
145 146 2 0
145 160 2 0
145 165 1 0
145 177 1 0
145 183 1 0
145 225 1 0
145 248 1 0
145 256 1 0
146 160 3 0
146 183 1 0
146 207 1 0
147 178 1 0
148 149 1 0
148 224 1 0
152 189 1 0
152 228 1 0
152 254 1 0
153 253 1 0
154 202 1 0
155 173 1 0
155 217 1 0
155 235 1 0
156 170 1 0
157 170 1 0
160 181 1 0
160 190 1 0
160 217 1 0
161 186 1 0
162 175 1 0
162 282 1 0
163 178 1 0
164 176 3 0
165 229 2 0
168 217 1 0
168 244 3 0
169 196 2 0
169 219 2 0
170 175 1 0
170 177 1 0
170 189 1 0
170 248 1 0
172 188 1 0
172 212 2 0
174 209 1 0
175 187 1 0
177 189 1 0
177 243 1 0
177 248 2 0
178 240 2 0
179 220 1 0
180 221 2 0
181 248 1 0
182 253 1 0
183 238 1 0
189 202 1 0
190 225 2 0
192 235 7 0
195 271 2 0
195 284 1 0
196 219 1 0
196 222 1 0
197 266 9 0
198 199 24 0
200 203 13 0
205 229 1 0
210 268 2 0
212 263 2 0
215 223 8 0
215 281 8 0
216 229 1 0
218 219 3 0
219 222 1 0
219 242 1 0
219 243 2 0
220 267 2 0
220 273 2 0
221 250 9 0
221 253 5 0
222 242 3 0
222 243 3 0
223 225 1 0
223 281 14 0
226 227 1 0
226 272 8 0
227 234 1 0
233 235 1 0
234 255 1 0
238 240 1 0
242 243 20 0
245 270 2 0
249 268 1 0
250 253 1 0
250 262 3 0
253 262 3 0
258 265 1 0
258 270 4 0
264 279 2 0
264 280 2 0
265 270 2 0
265 277 2 0
267 273 18 0
269 274 3 0
269 277 1 0
275 279 1 0
275 280 1 0
279 280 7 0
0 35 1 1
1 2 44 1
1 31 8 1
1 47 16 1
1 50 1 1
1 201 1 1
1 204 1 1
1 259 17 1
2 31 8 1
2 47 21 1
2 201 14 1
2 204 1 1
2 250 2 1
2 259 18 1
3 4 1 1
3 111 1 1
3 191 1 1
3 215 1 1
3 272 2 1
4 13 1 1
4 14 4 1
4 26 1 1
4 40 1 1
4 61 1 1
4 129 2 1
4 138 1 1
5 22 1 1
5 27 1 1
5 63 3 1
5 147 5 1
5 150 1 1
5 153 2 1
6 48 3 1
7 13 1 1
7 30 2 1
7 74 1 1
7 75 1 1
7 100 1 1
7 207 2 1
7 282 3 1
8 37 1 1
8 38 1 1
8 42 1 1
8 111 1 1
8 142 1 1
8 223 2 1
8 281 2 1
9 10 2 1
9 216 4 1
9 229 1 1
10 13 1 1
10 15 1 1
10 37 1 1
10 53 1 1
10 245 1 1
11 25 1 1
11 56 1 1
11 77 1 1
11 121 1 1
11 179 1 1
11 219 1 1
12 15 4 1
12 93 1 1
12 148 1 1
12 229 3 1
13 14 2 1
13 24 1 1
13 59 1 1
13 94 1 1
13 115 1 1
13 116 5 1
13 230 1 1
13 244 1 1
13 282 3 1
14 101 3 1
14 223 2 1
15 38 1 1
15 148 2 1
15 162 1 1
16 24 2 1
16 44 1 1
16 126 1 1
16 146 3 1
16 215 3 1
17 45 2 1
17 85 2 1
17 108 1 1
17 111 3 1
17 113 1 1
17 148 1 1
17 156 2 1
18 67 2 1
18 104 1 1
18 246 1 1
18 283 2 1
19 48 1 1
19 56 1 1
19 146 1 1
19 180 1 1
19 187 7 1
20 21 14 1
20 25 1 1
21 28 13 1
21 66 1 1
21 145 1 1
22 45 1 1
22 57 1 1
23 62 3 1
23 147 1 1
23 183 1 1
23 225 1 1
24 31 2 1
24 52 1 1
24 93 2 1
24 215 2 1
24 225 1 1
24 234 1 1
25 32 1 1
25 38 2 1
25 49 1 1
25 58 1 1
25 88 1 1
25 94 3 1
25 98 2 1
25 156 1 1
25 190 1 1
25 221 8 1
25 250 2 1
25 262 2 1
26 27 5 1
26 51 1 1
26 129 2 1
27 51 5 1
27 54 1 1
27 59 1 1
27 100 1 1
27 119 3 1
27 135 1 1
27 141 1 1
27 175 2 1
27 177 1 1
27 206 1 1
29 34 3 1
29 41 2 1
29 118 2 1
29 120 2 1
29 137 1 1
29 235 3 1
29 244 2 1
30 54 1 1
30 58 2 1
30 123 1 1
30 162 1 1
30 191 1 1
30 207 4 1
30 236 2 1
30 245 1 1
30 283 1 1
31 47 1 1
31 201 1 1
31 239 4 1
31 259 1 1
32 33 1 1
32 48 1 1
32 49 1 1
32 130 1 1
32 246 2 1
33 42 1 1
33 135 1 1
33 154 1 1
33 155 2 1
33 162 1 1
33 169 1 1
33 205 3 1
33 272 1 1
34 54 1 1
34 102 1 1
34 157 2 1
34 175 1 1
35 136 1 1
37 53 1 1
37 97 1 1
37 117 1 1
37 146 1 1
37 168 1 1
37 223 1 1
38 49 1 1
38 52 2 1
38 98 1 1
38 100 1 1
38 115 2 1
38 122 1 1
38 135 1 1
38 148 2 1
38 178 1 1
38 242 1 1
38 243 1 1
38 253 1 1
38 262 1 1
39 45 1 1
39 79 1 1
39 117 1 1
39 208 1 1
39 239 6 1
40 52 1 1
40 119 1 1
40 140 1 1
40 196 1 1
41 42 3 1
41 235 2 1
42 54 1 1
42 59 1 1
42 74 3 1
42 107 5 1
42 149 1 1
42 196 1 1
42 248 1 1
43 48 1 1
43 51 1 1
43 58 1 1
43 98 1 1
43 120 1 1
43 130 1 1
43 166 1 1
44 69 1 1
44 100 1 1
44 122 1 1
44 207 1 1
44 212 1 1
44 242 1 1
44 243 1 1
44 283 3 1
45 57 1 1
45 58 1 1
45 79 1 1
45 134 1 1
45 172 1 1
46 52 1 1
46 65 4 1
46 100 1 1
46 138 1 1
46 154 1 1
46 165 8 1
47 201 12 1
47 259 6 1
48 235 1 1
49 60 1 1
49 105 1 1
49 138 1 1
49 142 1 1
49 180 1 1
49 200 6 1
49 203 6 1
49 246 1 1
50 66 6 1
51 53 1 1
51 125 2 1
51 145 1 1
51 162 1 1
51 165 2 1
52 100 1 1
52 102 2 1
52 133 1 1
52 145 1 1
53 58 1 1
53 65 1 1
53 87 2 1
53 100 1 1
53 125 1 1
53 142 3 1
53 151 1 1
53 241 1 1
54 68 1 1
54 91 1 1
54 107 1 1
54 114 4 1
54 133 1 1
54 167 1 1
54 191 1 1
54 196 1 1
55 119 1 1
55 138 1 1
55 143 1 1
55 222 1 1
56 145 1 1
56 157 1 1
56 171 1 1
56 190 1 1
56 219 1 1
56 235 4 1
56 240 1 1
56 250 1 1
57 126 2 1
57 154 1 1
57 283 1 1
58 74 1 1
58 100 3 1
58 118 1 1
58 154 2 1
58 204 1 1
58 283 1 1
59 70 1 1
59 79 1 1
59 102 1 1
59 175 1 1
59 222 1 1
60 61 2 1
60 225 2 1
61 87 1 1
61 113 1 1
62 93 1 1
62 152 1 1
63 162 1 1
64 82 3 1
64 87 1 1
64 155 1 1
64 156 1 1
64 220 2 1
64 238 2 1
65 93 3 1
65 129 2 1
65 165 4 1
65 180 2 1
65 189 1 1
65 245 1 1
67 68 1 1
68 109 1 1
68 155 1 1
68 243 1 1
69 70 16 1
69 95 1 1
69 118 3 1
69 132 2 1
69 208 2 1
69 226 1 1
69 235 1 1
69 242 4 1
69 243 4 1
70 95 1 1
70 131 1 1
70 132 2 1
70 204 1 1
70 226 1 1
71 120 1 1
71 183 2 1
71 244 1 1
72 271 1 1
74 121 1 1
74 181 1 1
74 248 1 1
75 99 1 1
75 116 2 1
75 123 1 1
75 208 1 1
76 96 9 1
76 169 1 1
76 177 1 1
76 189 1 1
76 218 8 1
76 219 4 1
77 129 1 1
77 132 4 1
77 189 1 1
78 249 3 1
79 98 1 1
79 202 1 1
79 208 1 1
79 227 1 1
81 112 1 1
82 85 1 1
82 179 1 1
83 117 1 1
83 130 1 1
83 143 2 1
83 172 1 1
83 187 1 1
83 222 1 1
83 283 1 1
84 110 1 1
84 187 4 1
85 146 1 1
85 160 1 1
85 167 1 1
85 181 1 1
85 239 2 1
86 101 1 1
86 166 5 1
87 133 5 1
87 223 1 1
88 146 2 1
89 177 1 1
89 217 1 1
89 225 1 1
90 145 1 1
91 188 1 1
91 245 1 1
92 146 1 1
92 228 1 1
93 113 1 1
93 162 1 1
93 173 1 1
93 225 1 1
93 245 2 1
94 126 1 1
94 179 2 1
94 219 1 1
95 115 1 1
95 132 1 1
95 133 1 1
95 178 1 1
95 181 2 1
95 255 1 1
96 218 20 1
96 219 7 1
96 226 1 1
97 129 1 1
97 145 1 1
97 152 4 1
97 172 1 1
97 208 1 1
98 117 1 1
98 190 7 1
98 225 1 1
98 253 2 1
98 262 2 1
99 147 2 1
99 160 1 1
99 172 1 1
99 222 1 1
100 104 1 1
100 118 1 1
100 132 1 1
100 166 1 1
100 180 1 1
100 240 1 1
101 157 1 1
101 166 1 1
101 225 1 1
101 271 2 1
102 116 1 1
102 171 1 1
102 178 1 1
102 204 2 1
102 207 1 1
102 236 1 1
103 116 1 1
103 145 1 1
103 180 1 1
103 245 1 1
104 149 2 1
104 219 1 1
104 246 2 1
105 175 2 1
105 194 2 1
107 134 1 1
107 196 1 1
108 165 1 1
109 149 1 1
110 119 1 1
110 127 3 1
110 162 1 1
110 172 1 1
110 186 1 1
110 187 1 1
110 222 1 1
110 223 1 1
110 240 1 1
111 115 2 1
111 119 1 1
111 177 1 1
111 246 1 1
112 229 2 1
113 146 1 1
113 205 1 1
113 220 1 1
113 223 1 1
113 255 1 1
114 131 1 1
114 148 1 1
114 187 3 1
114 226 1 1
115 167 1 1
116 133 1 1
116 152 1 1
116 186 1 1
117 142 2 1
117 166 1 1
117 172 1 1
118 120 1 1
118 192 13 1
118 235 6 1
118 240 1 1
118 244 1 1
119 177 1 1
120 121 2 1
120 127 3 1
120 130 1 1
120 148 3 1
120 182 2 1
120 226 1 1
120 244 4 1
121 127 2 1
121 148 2 1
121 208 1 1
122 124 1 1
122 282 1 1
122 283 1 1
123 125 1 1
123 146 3 1
123 161 1 1
123 165 1 1
123 180 1 1
123 208 3 1
123 230 1 1
123 245 1 1
124 134 2 1
124 142 2 1
125 147 1 1
125 180 1 1
125 238 1 1
126 142 1 1
126 168 1 1
127 142 1 1
127 148 2 1
127 150 1 1
127 162 2 1
127 175 2 1
128 133 1 1
128 144 3 1
128 156 1 1
128 235 1 1
128 244 1 1
129 163 1 1
129 245 1 1
130 147 1 1
130 189 2 1
130 246 1 1
131 148 1 1
131 208 1 1
132 133 1 1
132 149 1 1
132 160 2 1
132 180 1 1
133 154 1 1
133 165 2 1
133 171 1 1
133 186 1 1
133 225 1 1
134 187 1 1
135 154 1 1
135 175 1 1
135 185 1 1
135 226 1 1
138 170 1 1
138 173 1 1
139 257 7 1
140 185 2 1
140 196 1 1
140 229 2 1
141 179 1 1
142 152 1 1
142 155 1 1
142 171 1 1
142 173 1 1
142 178 1 1
142 180 1 1
143 202 1 1
145 165 1 1
145 179 1 1
145 204 1 1
145 205 1 1
146 147 1 1
146 180 2 1
146 183 1 1
147 152 1 1
147 241 1 1
148 222 2 1
148 224 1 1
149 178 2 1
149 219 1 1
149 264 1 1
149 265 1 1
149 275 1 1
149 285 1 1
150 188 1 1
150 208 1 1
150 227 1 1
152 173 2 1
152 187 1 1
153 160 1 1
155 173 1 1
156 179 1 1
156 244 1 1
157 168 1 1
157 234 1 1
160 181 1 1
160 244 1 1
162 225 1 1
162 246 1 1
163 172 1 1
163 175 1 1
163 235 1 1
164 176 4 1
164 249 1 1
165 167 1 1
165 219 1 1
165 222 1 1
165 242 1 1
165 243 1 1
168 178 1 1
168 244 1 1
168 248 1 1
169 219 2 1
170 171 1 1
170 272 3 1
170 282 1 1
171 204 1 1
172 212 1 1
173 256 1 1
174 209 4 1
175 187 1 1
175 235 1 1
176 249 1 1
177 189 1 1
177 208 1 1
177 243 1 1
178 245 1 1
179 243 1 1
179 256 1 1
180 196 1 1
180 221 1 1
186 205 1 1
186 228 1 1
186 238 1 1
186 285 1 1
188 204 1 1
192 235 7 1
194 205 1 1
195 284 1 1
196 222 1 1
196 235 1 1
197 245 1 1
197 266 15 1
198 199 16 1
200 203 20 1
208 227 1 1
208 241 1 1
209 211 2 1
215 272 3 1
218 219 2 1
219 222 3 1
219 242 3 1
219 243 3 1
219 283 1 1
220 267 1 1
220 273 1 1
221 250 7 1
222 242 4 1
222 243 4 1
222 283 1 1
223 272 2 1
223 281 14 1
226 227 2 1
226 272 8 1
233 267 5 1
233 273 4 1
235 244 2 1
242 243 26 1
245 270 2 1
250 262 4 1
253 262 3 1
258 270 7 1
264 265 1 1
264 269 4 1
264 275 1 1
264 280 3 1
264 285 1 1
265 270 1 1
265 275 1 1
265 277 1 1
265 285 1 1
267 273 19 1
269 279 2 1
269 280 6 1
275 285 1 1
276 279 2 1
279 280 9 1
1 2 37 2
1 31 4 2
1 47 24 2
1 201 9 2
1 204 2 2
1 259 22 2
2 31 6 2
2 47 31 2
2 201 25 2
2 204 4 2
2 259 24 2
3 75 1 2
4 14 3 2
4 23 1 2
4 26 1 2
4 37 1 2
4 129 4 2
4 135 3 2
4 187 1 2
4 202 1 2
4 215 1 2
5 63 3 2
5 147 2 2
5 150 2 2
5 238 1 2
6 48 1 2
7 49 1 2
7 74 1 2
7 128 1 2
7 147 3 2
7 154 1 2
7 160 1 2
7 167 1 2
7 170 1 2
8 13 1 2
8 38 1 2
8 42 1 2
8 49 1 2
8 109 3 2
8 111 1 2
8 223 2 2
8 240 1 2
8 281 2 2
9 10 4 2
9 12 1 2
9 18 2 2
9 52 1 2
9 98 1 2
9 205 2 2
9 216 1 2
9 229 11 2
10 44 1 2
10 167 1 2
10 245 2 2
11 19 1 2
11 25 1 2
11 76 1 2
11 83 1 2
11 96 1 2
11 101 1 2
11 133 1 2
11 179 5 2
11 218 1 2
11 221 2 2
12 15 1 2
12 18 1 2
12 120 2 2
12 206 1 2
12 208 1 2
13 32 1 2
13 39 1 2
13 40 1 2
13 46 2 2
13 53 2 2
13 57 1 2
13 59 5 2
13 70 1 2
13 75 1 2
13 94 2 2
13 103 1 2
13 108 1 2
13 110 1 2
13 116 3 2
13 120 2 2
13 150 1 2
13 155 1 2
13 160 1 2
13 187 1 2
13 223 1 2
13 244 2 2
13 281 1 2
13 282 1 2
14 19 2 2
14 96 1 2
14 101 1 2
14 140 2 2
14 156 1 2
14 169 3 2
14 172 1 2
14 218 3 2
14 222 1 2
14 226 1 2
15 100 3 2
15 148 2 2
15 245 2 2
16 44 1 2
16 75 1 2
16 103 1 2
16 145 2 2
16 146 1 2
16 154 1 2
16 157 1 2
16 160 1 2
16 215 1 2
17 55 1 2
17 75 1 2
17 85 1 2
17 88 1 2
17 108 1 2
17 111 1 2
17 166 1 2
18 67 4 2
18 89 1 2
18 98 1 2
18 119 1 2
18 151 1 2
18 157 4 2
18 225 1 2
18 283 2 2
19 76 1 2
19 93 1 2
19 96 1 2
19 117 1 2
19 138 1 2
19 169 1 2
19 180 1 2
19 187 5 2
19 218 2 2
19 221 2 2
19 222 1 2
19 278 1 2
20 21 1 2
20 22 2 2
20 25 4 2
21 28 7 2
21 66 2 2
21 117 1 2
22 25 2 2
22 57 3 2
22 133 1 2
22 250 1 2
23 37 1 2
23 46 1 2
23 62 1 2
23 63 1 2
23 95 1 2
23 162 1 2
23 165 1 2
23 222 2 2
23 238 1 2
23 283 1 2
24 53 1 2
24 116 1 2
24 171 1 2
24 244 1 2
25 94 1 2
25 98 2 2
25 160 1 2
25 190 1 2
25 219 1 2
25 221 6 2
25 242 2 2
25 243 2 2
25 246 1 2
25 250 1 2
26 67 1 2
26 129 1 2
26 140 1 2
26 152 1 2
26 192 1 2
26 206 1 2
26 245 1 2
26 270 2 2
27 51 1 2
27 119 1 2
27 123 1 2
27 134 1 2
27 135 1 2
27 206 1 2
27 216 1 2
27 228 1 2
27 240 1 2
29 44 1 2
29 65 2 2
29 118 3 2
29 120 1 2
29 155 1 2
29 192 1 2
29 235 1 2
29 244 1 2
30 54 1 2
30 102 1 2
30 223 1 2
30 238 1 2
30 245 1 2
31 33 1 2
31 47 3 2
31 180 2 2
31 186 1 2
31 205 1 2
31 239 7 2
32 33 2 2
32 192 1 2
32 231 1 2
32 246 1 2
33 39 1 2
33 42 1 2
33 54 2 2
33 60 1 2
33 113 1 2
33 135 1 2
33 151 1 2
33 155 1 2
33 162 1 2
33 168 1 2
33 182 1 2
33 186 1 2
33 194 1 2
33 196 1 2
33 239 1 2
33 248 2 2
34 97 1 2
34 102 3 2
34 109 1 2
34 116 1 2
34 131 1 2
34 172 1 2
34 231 1 2
36 50 1 2
36 170 1 2
37 59 1 2
37 167 1 2
37 182 1 2
37 206 1 2
38 83 1 2
38 88 1 2
38 92 2 2
38 98 1 2
38 104 1 2
38 115 1 2
38 122 1 2
38 123 5 2
38 190 1 2
38 240 1 2
38 248 1 2
38 253 1 2
39 93 1 2
39 117 2 2
39 123 1 2
39 162 1 2
39 171 1 2
39 186 1 2
39 217 1 2
40 83 2 2
40 130 1 2
40 168 1 2
40 190 1 2
40 230 3 2
40 234 1 2
41 42 1 2
41 107 1 2
41 127 1 2
41 235 1 2
42 59 1 2
42 60 2 2
42 74 3 2
42 107 2 2
42 111 1 2
42 242 1 2
42 243 1 2
42 248 1 2
43 48 1 2
43 53 1 2
43 58 1 2
43 130 1 2
43 170 2 2
44 122 1 2
44 130 1 2
44 146 1 2
44 151 1 2
44 179 1 2
44 235 1 2
44 241 4 2
44 245 3 2
44 246 1 2
45 57 2 2
45 75 1 2
45 76 1 2
46 64 1 2
46 65 4 2
46 77 1 2
46 118 1 2
46 138 1 2
46 155 1 2
46 165 8 2
46 234 1 2
47 201 13 2
47 204 2 2
47 259 12 2
48 169 1 2
49 104 1 2
49 130 1 2
49 138 1 2
49 162 1 2
49 178 1 2
49 186 1 2
49 200 5 2
49 203 5 2
49 223 1 2
49 256 1 2
49 281 1 2
50 66 6 2
50 138 1 2
51 77 3 2
51 105 1 2
51 151 1 2
51 180 1 2
52 133 1 2
52 145 1 2
52 162 1 2
52 226 1 2
53 58 1 2
53 119 1 2
53 145 1 2
53 162 1 2
53 206 2 2
54 93 1 2
54 105 2 2
54 113 1 2
54 127 1 2
54 128 1 2
54 133 1 2
54 138 1 2
54 170 1 2
54 196 1 2
54 205 2 2
55 83 4 2
55 151 1 2
55 162 1 2
55 180 3 2
55 222 1 2
55 234 1 2
55 256 1 2
55 272 1 2
56 77 1 2
56 122 1 2
56 141 1 2
56 160 1 2
56 190 1 2
56 192 2 2
56 219 3 2
56 235 2 2
56 240 2 2
57 59 1 2
57 126 2 2
58 113 1 2
58 131 1 2
58 162 1 2
59 110 2 2
59 175 1 2
59 214 1 2
60 61 4 2
60 117 1 2
60 123 1 2
60 151 1 2
60 248 1 2
61 162 1 2
61 188 1 2
62 152 2 2
63 71 1 2
63 147 1 2
63 162 1 2
63 212 1 2
63 238 1 2
64 82 1 2
64 122 1 2
64 133 1 2
64 149 1 2
64 188 1 2
64 220 5 2
64 234 1 2
64 238 1 2
65 93 1 2
65 94 1 2
65 103 1 2
65 113 1 2
65 165 3 2
65 180 2 2
65 181 1 2
65 235 1 2
65 245 1 2
67 68 2 2
67 130 1 2
67 133 1 2
67 177 1 2
67 242 1 2
69 70 12 2
69 118 6 2
69 156 1 2
69 192 1 2
69 208 3 2
69 242 8 2
69 243 8 2
70 131 3 2
70 156 1 2
71 113 1 2
71 115 1 2
71 124 1 2
72 92 1 2
72 271 1 2
74 84 1 2
74 154 1 2
74 167 1 2
74 171 1 2
74 181 1 2
74 234 1 2
75 121 1 2
75 157 1 2
75 207 1 2
76 96 5 2
76 116 1 2
76 123 1 2
76 142 1 2
76 218 5 2
76 219 1 2
77 108 2 2
77 116 1 2
77 124 1 2
77 135 1 2
77 142 1 2
78 249 1 2
79 205 1 2
79 282 1 2
83 99 1 2
83 114 1 2
83 137 1 2
83 143 1 2
83 146 1 2
83 222 1 2
83 283 3 2
84 187 2 2
85 99 1 2
85 116 1 2
85 169 1 2
85 170 1 2
85 239 2 2
86 127 1 2
86 166 3 2
86 189 1 2
86 235 1 2
87 130 1 2
88 178 1 2
89 91 1 2
89 126 1 2
89 160 3 2
89 225 1 2
89 226 2 2
89 227 1 2
89 256 1 2
90 95 1 2
90 170 1 2
90 265 1 2
91 119 1 2
91 127 1 2
91 156 1 2
91 197 2 2
92 93 2 2
92 132 1 2
92 141 1 2
92 178 1 2
93 101 2 2
93 109 1 2
93 145 1 2
93 160 1 2
93 162 2 2
93 189 1 2
93 205 1 2
93 225 3 2
93 245 1 2
93 246 2 2
94 114 1 2
94 179 2 2
94 187 1 2
95 133 1 2
95 145 1 2
95 159 1 2
95 182 1 2
96 218 23 2
96 219 13 2
96 226 1 2
97 116 2 2
97 147 1 2
97 152 2 2
98 100 1 2
98 190 1 2
98 219 1 2
98 221 1 2
98 253 2 2
98 262 1 2
99 102 1 2
99 120 1 2
99 147 1 2
99 186 1 2
100 101 1 2
100 129 1 2
100 134 1 2
100 154 1 2
100 166 1 2
100 167 1 2
100 205 1 2
100 228 2 2
100 241 3 2
100 245 3 2
101 153 1 2
101 173 2 2
101 225 2 2
101 255 1 2
101 271 7 2
102 122 1 2
102 166 1 2
102 167 1 2
102 186 1 2
102 236 1 2
102 256 1 2
103 116 1 2
103 189 1 2
103 240 2 2
104 130 1 2
104 172 1 2
104 173 1 2
104 181 1 2
105 152 1 2
105 160 1 2
105 175 3 2
105 194 2 2
106 139 1 2
106 227 1 2
106 257 3 2
107 177 1 2
108 118 1 2
108 163 1 2
108 178 1 2
108 282 1 2
109 115 1 2
109 148 2 2
109 160 1 2
109 170 1 2
110 127 2 2
110 157 1 2
110 222 2 2
110 234 1 2
110 240 2 2
111 115 1 2
111 119 1 2
111 168 1 2
111 177 1 2
112 229 5 2
113 126 1 2
113 128 1 2
113 134 1 2
113 170 1 2
113 187 1 2
113 253 2 2
114 130 1 2
114 133 1 2
114 135 1 2
114 145 1 2
114 157 1 2
114 187 1 2
114 191 2 2
114 252 1 2
115 116 1 2
115 117 1 2
115 126 1 2
115 167 1 2
115 256 1 2
116 120 1 2
116 244 1 2
117 146 1 2
117 175 1 2
117 208 1 2
117 248 1 2
118 126 1 2
118 155 1 2
118 170 1 2
118 179 2 2
118 192 12 2
118 235 9 2
118 244 1 2
119 147 1 2
119 208 2 2
120 130 1 2
120 155 1 2
120 160 1 2
120 182 1 2
120 183 1 2
120 189 1 2
120 206 1 2
120 235 1 2
120 244 16 2
120 256 1 2
120 283 4 2
121 133 1 2
121 145 1 2
121 170 2 2
122 123 1 2
122 124 1 2
122 167 2 2
122 202 1 2
122 219 1 2
123 126 2 2
123 137 1 2
123 142 1 2
123 145 1 2
123 151 1 2
123 190 1 2
123 208 1 2
124 134 4 2
124 137 1 2
124 142 1 2
125 145 2 2
125 147 1 2
125 234 1 2
126 151 1 2
126 179 1 2
126 226 1 2
127 149 1 2
127 151 1 2
127 152 1 2
127 162 1 2
127 189 1 2
127 229 1 2
127 256 1 2
128 144 1 2
129 135 3 2
129 245 3 2
130 135 1 2
130 166 1 2
130 188 1 2
130 202 1 2
130 283 1 2
131 208 2 2
131 235 1 2
132 133 2 2
132 141 1 2
132 149 1 2
132 160 2 2
132 224 2 2
133 154 1 2
133 189 1 2
133 205 1 2
133 226 1 2
134 135 1 2
134 137 1 2
134 170 1 2
134 212 1 2
134 225 2 2
134 247 1 2
135 226 1 2
137 202 1 2
138 160 1 2
138 170 1 2
138 180 1 2
139 158 3 2
139 257 8 2
140 185 1 2
142 143 1 2
142 145 2 2
142 177 1 2
142 231 2 2
142 238 1 2
142 245 1 2
145 178 1 2
145 179 1 2
145 181 1 2
145 192 1 2
145 204 1 2
145 248 1 2
145 256 2 2
146 156 1 2
146 162 1 2
146 183 2 2
146 207 1 2
147 189 2 2
148 222 1 2
148 224 3 2
149 217 1 2
150 202 1 2
150 206 2 2
150 207 2 2
151 157 1 2
151 189 1 2
151 194 1 2
152 160 1 2
152 225 1 2
152 265 2 2
153 160 1 2
154 163 2 2
154 178 1 2
154 180 1 2
155 192 1 2
155 244 1 2
156 222 1 2
157 168 1 2
157 234 7 2
157 242 1 2
157 243 1 2
160 186 1 2
160 190 1 2
160 244 2 2
162 178 1 2
162 192 1 2
162 194 1 2
162 202 1 2
162 272 4 2
163 181 3 2
165 173 1 2
165 230 18 2
166 177 1 2
166 215 1 2
167 196 1 2
167 245 1 2
168 191 1 2
168 248 2 2
169 170 1 2
169 218 3 2
169 225 2 2
173 180 1 2
173 181 1 2
174 209 1 2
174 211 1 2
175 248 1 2
178 180 3 2
178 181 1 2
178 245 1 2
179 217 1 2
182 189 1 2
183 206 1 2
183 228 5 2
186 217 2 2
189 246 1 2
190 206 1 2
190 230 1 2
190 253 1 2
190 262 1 2
191 245 1 2
192 235 8 2
196 239 1 2
197 266 20 2
198 199 22 2
200 203 15 2
201 259 6 2
205 251 1 2
215 223 1 2
215 272 4 2
216 229 1 2
217 255 1 2
218 219 6 2
219 222 1 2
219 242 1 2
219 243 1 2
220 237 2 2
221 250 7 2
222 242 1 2
222 243 1 2
222 283 2 2
223 272 1 2
223 281 10 2
225 230 1 2
226 272 3 2
229 253 1 2
231 250 1 2
233 267 2 2
235 244 4 2
239 279 2 2
239 280 2 2
242 243 29 2
245 270 2 2
250 262 1 2
253 262 1 2
258 265 1 2
258 270 1 2
260 261 50 2
264 269 2 2
264 279 1 2
264 280 1 2
265 270 3 2
265 277 2 2
267 269 1 2
267 273 15 2
269 274 1 2
269 279 2 2
269 280 1 2
275 276 1 2
275 279 3 2
275 280 3 2
276 277 1 2
276 279 1 2
279 280 9 2
1 2 43 3
1 47 15 3
1 201 18 3
1 259 23 3
2 31 3 3
2 47 20 3
2 201 31 3
2 204 3 3
2 250 1 3
2 259 25 3
3 42 1 3
3 48 1 3
3 97 1 3
3 113 1 3
3 178 1 3
3 272 1 3
4 13 1 3
4 25 1 3
4 26 3 3
4 74 3 3
4 90 1 3
4 95 1 3
4 100 1 3
4 129 10 3
4 135 3 3
4 177 2 3
4 215 2 3
4 238 1 3
5 116 1 3
5 117 4 3
5 124 1 3
5 147 4 3
5 153 2 3
7 74 2 3
7 117 1 3
7 118 1 3
7 175 1 3
7 248 1 3
8 33 1 3
8 38 2 3
8 49 1 3
8 83 1 3
8 85 1 3
8 109 1 3
8 123 1 3
8 196 1 3
8 205 1 3
8 223 4 3
8 272 1 3
8 281 5 3
9 10 3 3
9 52 2 3
9 205 1 3
9 216 1 3
9 227 1 3
9 229 5 3
10 44 2 3
10 71 3 3
10 88 1 3
10 109 1 3
10 120 1 3
11 14 1 3
11 15 1 3
11 142 2 3
11 179 2 3
11 218 1 3
11 221 1 3
12 15 1 3
12 55 1 3
12 148 1 3
13 57 4 3
13 94 1 3
13 100 1 3
13 116 1 3
13 120 2 3
13 130 1 3
13 160 2 3
13 165 1 3
13 183 1 3
13 185 2 3
13 194 1 3
13 244 2 3
13 282 1 3
14 19 1 3
14 56 1 3
14 140 2 3
14 169 1 3
14 218 2 3
15 38 1 3
15 100 1 3
15 123 2 3
15 148 1 3
15 218 1 3
16 131 2 3
16 141 1 3
16 142 1 3
16 145 1 3
16 156 1 3
17 32 1 3
17 45 1 3
17 55 1 3
17 75 1 3
17 88 1 3
17 108 4 3
17 121 2 3
17 123 1 3
17 165 1 3
17 183 1 3
17 191 1 3
18 67 1 3
18 148 1 3
18 151 1 3
18 283 1 3
19 43 1 3
19 48 1 3
19 56 1 3
19 101 2 3
19 153 1 3
19 169 1 3
19 185 1 3
19 187 6 3
19 194 1 3
19 225 1 3
20 25 3 3
21 28 3 3
21 66 1 3
22 25 1 3
22 143 2 3
23 77 1 3
23 103 1 3
23 147 1 3
23 178 1 3
23 222 1 3
24 37 1 3
24 51 1 3
24 59 1 3
24 61 1 3
24 87 1 3
24 93 1 3
24 94 1 3
24 100 1 3
24 103 1 3
24 105 1 3
24 109 1 3
24 132 1 3
24 145 2 3
24 146 1 3
24 171 2 3
24 178 1 3
24 238 1 3
24 245 1 3
25 36 1 3
25 46 1 3
25 56 1 3
25 65 1 3
25 94 1 3
25 107 1 3
25 129 1 3
25 135 1 3
25 145 2 3
25 151 1 3
25 156 1 3
25 160 1 3
25 173 1 3
25 221 3 3
25 253 1 3
26 27 2 3
26 71 1 3
26 119 1 3
26 124 1 3
26 129 4 3
26 154 1 3
26 160 1 3
26 217 1 3
26 238 2 3
27 43 2 3
27 51 1 3
27 83 1 3
27 122 2 3
27 240 2 3
29 34 3 3
29 41 1 3
29 44 2 3
29 65 1 3
29 117 3 3
29 118 2 3
29 120 5 3
29 155 1 3
29 235 7 3
30 37 1 3
30 238 1 3
31 47 2 3
31 102 1 3
31 239 3 3
32 37 1 3
32 44 1 3
32 48 1 3
32 92 1 3
32 99 1 3
32 146 1 3
32 192 2 3
32 196 1 3
33 52 1 3
33 76 1 3
33 116 1 3
33 130 2 3
33 135 1 3
33 155 4 3
33 165 1 3
33 169 1 3
33 170 1 3
33 182 2 3
33 192 3 3
33 235 1 3
33 239 1 3
33 248 1 3
33 282 1 3
34 54 1 3
34 102 2 3
34 110 1 3
36 44 1 3
36 50 9 3
36 56 1 3
36 66 4 3
36 138 1 3
36 170 2 3
37 83 2 3
37 117 1 3
37 126 2 3
37 138 2 3
37 142 1 3
37 146 1 3
37 147 1 3
37 154 1 3
37 177 1 3
37 187 2 3
37 202 2 3
38 56 1 3
38 85 2 3
38 88 1 3
38 92 2 3
38 98 1 3
38 123 4 3
38 148 2 3
38 154 2 3
38 168 2 3
38 172 1 3
38 221 1 3
38 230 1 3
39 79 1 3
39 95 1 3
39 146 1 3
39 147 1 3
40 44 1 3
40 90 1 3
40 130 1 3
40 230 3 3
41 42 1 3
42 74 1 3
42 107 1 3
42 111 1 3
42 127 1 3
42 207 1 3
43 97 1 3
43 98 1 3
43 150 1 3
43 170 3 3
43 256 1 3
44 69 1 3
44 83 1 3
44 117 1 3
44 148 1 3
44 170 1 3
44 180 2 3
45 57 1 3
45 76 2 3
45 179 1 3
45 225 1 3
46 65 2 3
46 71 1 3
46 138 1 3
46 151 1 3
46 165 2 3
46 231 5 3
47 201 10 3
47 204 1 3
47 259 7 3
49 138 1 3
49 143 1 3
49 145 2 3
49 200 1 3
49 203 1 3
49 223 2 3
49 281 2 3
50 66 8 3
50 138 1 3
51 59 1 3
51 122 1 3
51 125 1 3
51 146 1 3
51 166 1 3
52 119 1 3
52 163 1 3
52 180 1 3
52 181 1 3
52 217 1 3
52 248 1 3
53 76 1 3
53 154 1 3
53 179 1 3
53 183 2 3
53 187 1 3
53 207 1 3
54 71 1 3
54 83 1 3
54 93 1 3
54 109 1 3
54 114 2 3
54 127 1 3
54 170 1 3
54 187 1 3
54 196 2 3
55 93 1 3
55 102 1 3
55 113 1 3
55 125 1 3
55 137 3 3
55 138 3 3
55 146 1 3
55 162 2 3
55 172 1 3
55 180 2 3
55 234 2 3
56 98 2 3
56 104 2 3
56 141 1 3
56 145 1 3
56 151 3 3
56 162 2 3
56 190 1 3
56 221 1 3
56 222 1 3
56 230 1 3
56 238 1 3
56 240 1 3
57 172 1 3
57 185 3 3
57 283 1 3
58 74 3 3
58 145 1 3
58 256 1 3
59 65 1 3
59 89 1 3
59 113 1 3
59 157 2 3
60 61 1 3
60 151 1 3
60 183 2 3
60 248 1 3
61 147 2 3
61 156 1 3
61 162 2 3
61 188 5 3
62 64 1 3
62 68 1 3
62 137 1 3
62 152 1 3
63 71 1 3
63 212 1 3
64 143 1 3
65 93 1 3
65 117 1 3
65 165 2 3
65 181 2 3
65 235 1 3
65 241 2 3
67 68 1 3
67 117 1 3
67 142 1 3
67 177 1 3
67 186 1 3
68 138 1 3
69 70 9 3
69 92 1 3
69 126 1 3
69 132 1 3
69 155 1 3
69 156 3 3
69 208 2 3
69 242 2 3
69 243 2 3
70 101 1 3
70 118 1 3
70 131 1 3
70 132 1 3
70 156 3 3
70 173 2 3
70 204 2 3
70 235 1 3
71 83 1 3
71 114 1 3
71 120 1 3
71 131 3 3
73 249 1 3
74 84 1 3
74 181 1 3
74 228 1 3
75 146 1 3
75 264 2 3
76 96 5 3
76 177 1 3
76 189 2 3
76 218 2 3
76 219 1 3
76 226 1 3
77 108 2 3
77 120 2 3
78 249 1 3
79 135 1 3
80 208 1 3
81 216 1 3
82 249 1 3
83 117 1 3
83 126 1 3
83 137 1 3
83 141 1 3
83 142 1 3
84 184 1 3
84 187 2 3
85 179 1 3
85 206 1 3
85 239 1 3
85 256 1 3
86 181 1 3
86 234 1 3
87 100 1 3
87 111 1 3
87 131 2 3
87 133 2 3
87 166 1 3
87 256 2 3
88 123 1 3
89 94 1 3
89 102 1 3
89 120 1 3
89 123 1 3
89 126 1 3
89 130 2 3
89 134 2 3
89 160 1 3
89 170 1 3
89 183 1 3
90 151 1 3
90 156 1 3
90 265 1 3
91 109 1 3
91 119 1 3
91 197 1 3
92 120 1 3
92 170 1 3
92 226 1 3
93 101 1 3
93 143 3 3
93 160 2 3
93 196 1 3
93 225 4 3
93 226 1 3
93 248 1 3
94 103 1 3
94 117 1 3
94 133 1 3
94 150 1 3
94 179 3 3
94 219 1 3
94 226 1 3
95 98 1 3
95 99 1 3
95 127 1 3
95 156 1 3
95 159 1 3
95 181 1 3
95 182 1 3
96 113 1 3
96 133 1 3
96 218 9 3
96 219 11 3
96 253 1 3
96 255 2 3
97 116 1 3
97 129 1 3
97 130 1 3
98 151 1 3
98 182 1 3
98 190 10 3
98 246 1 3
99 170 1 3
99 183 1 3
99 189 1 3
99 226 1 3
99 246 1 3
100 101 1 3
100 104 1 3
100 129 1 3
100 157 1 3
100 170 1 3
100 217 2 3
100 241 2 3
101 153 1 3
101 225 1 3
101 255 1 3
101 271 3 3
102 113 2 3
102 194 1 3
102 236 1 3
103 132 1 3
104 157 1 3
104 217 1 3
104 219 1 3
105 175 1 3
106 139 1 3
106 227 1 3
106 257 2 3
107 127 1 3
107 207 1 3
108 121 2 3
108 163 1 3
109 110 1 3
109 115 1 3
109 119 2 3
109 145 1 3
109 148 5 3
109 160 1 3
109 177 1 3
109 178 1 3
109 212 1 3
109 220 1 3
109 241 1 3
109 245 1 3
110 145 1 3
110 191 1 3
110 220 1 3
110 227 1 3
111 149 1 3
111 155 1 3
111 172 3 3
112 229 4 3
113 121 1 3
113 128 1 3
113 134 1 3
113 140 4 3
113 142 1 3
113 253 3 3
113 272 1 3
114 131 1 3
114 133 2 3
114 147 1 3
114 157 2 3
114 223 1 3
117 130 1 3
117 142 2 3
117 147 1 3
117 163 1 3
117 172 1 3
117 208 1 3
118 120 1 3
118 154 1 3
118 155 1 3
118 160 1 3
118 192 5 3
118 235 7 3
118 244 2 3
119 125 1 3
119 132 2 3
119 145 2 3
119 150 1 3
119 186 1 3
120 123 1 3
120 126 1 3
120 148 1 3
120 170 2 3
120 240 1 3
120 244 11 3
120 283 1 3
121 129 1 3
121 133 1 3
121 143 1 3
121 149 1 3
121 163 1 3
121 253 1 3
122 157 1 3
123 126 1 3
123 165 1 3
123 208 1 3
123 240 1 3
124 134 1 3
125 132 1 3
125 145 1 3
126 142 1 3
126 162 1 3
127 148 1 3
128 135 2 3
128 187 1 3
129 135 3 3
130 134 2 3
130 135 1 3
130 256 1 3
131 142 1 3
131 156 1 3
131 208 2 3
132 145 2 3
132 156 1 3
132 224 3 3
133 145 1 3
133 162 1 3
133 206 1 3
133 219 1 3
133 256 3 3
134 228 1 3
135 178 1 3
135 254 2 3
135 255 1 3
137 251 1 3
137 256 1 3
138 162 1 3
138 187 2 3
138 228 1 3
139 158 1 3
139 257 3 3
140 185 2 3
140 239 1 3
141 145 1 3
142 143 1 3
142 145 1 3
142 178 1 3
142 231 1 3
145 161 1 3
145 162 1 3
145 165 1 3
145 189 2 3
145 220 1 3
145 245 3 3
145 254 1 3
146 154 1 3
146 183 1 3
146 225 3 3
146 227 2 3
147 189 1 3
147 194 1 3
147 241 1 3
148 149 1 3
148 153 1 3
148 170 1 3
148 224 1 3
149 163 1 3
149 168 1 3
149 183 1 3
150 228 1 3
151 156 1 3
151 157 1 3
151 271 1 3
152 154 1 3
152 181 1 3
152 258 2 3
153 161 1 3
153 162 2 3
153 272 2 3
154 180 1 3
154 227 1 3
154 282 1 3
155 235 2 3
156 173 1 3
156 181 1 3
157 168 1 3
157 234 2 3
159 277 1 3
160 169 2 3
160 190 1 3
160 225 1 3
160 226 1 3
160 244 3 3
161 255 1 3
162 208 1 3
163 181 2 3
165 166 1 3
165 173 1 3
165 189 1 3
165 230 13 3
168 172 1 3
168 244 1 3
168 248 1 3
169 219 1 3
169 226 1 3
170 180 1 3
170 191 1 3
170 205 1 3
170 272 1 3
171 255 2 3
172 208 1 3
172 212 2 3
172 217 2 3
172 239 1 3
174 211 3 3
175 240 1 3
176 249 1 3
177 189 1 3
178 180 1 3
179 213 1 3
179 217 1 3
179 256 1 3
181 196 1 3
182 189 1 3
182 204 1 3
183 245 1 3
185 228 1 3
185 256 1 3
186 225 1 3
186 238 1 3
187 196 1 3
189 204 1 3
189 234 1 3
189 246 3 3
190 230 3 3
191 256 2 3
192 235 7 3
196 239 1 3
197 266 18 3
198 199 20 3
200 203 9 3
201 204 2 3
201 259 10 3
202 205 1 3
202 220 1 3
205 245 1 3
209 211 1 3
212 245 1 3
215 272 4 3
216 229 2 3
216 232 1 3
218 219 1 3
219 222 1 3
219 234 1 3
219 242 2 3
219 243 3 3
220 267 1 3
221 226 1 3
221 230 1 3
221 250 3 3
222 242 3 3
222 243 3 3
223 272 2 3
223 281 16 3
226 250 1 3
226 272 5 3
233 267 1 3
233 273 1 3
234 263 1 3
238 240 1 3
239 279 1 3
239 280 1 3
242 243 24 3
245 270 1 3
249 268 1 3
253 262 2 3
253 282 1 3
258 265 2 3
258 270 1 3
260 261 43 3
264 269 3 3
264 276 1 3
264 279 1 3
264 280 2 3
265 270 3 3
267 273 15 3
269 276 1 3
269 277 1 3
269 279 2 3
269 280 3 3
270 275 1 3
272 281 3 3
275 276 3 3
275 279 3 3
275 280 3 3
276 279 3 3
276 280 3 3
278 286 1 3
279 280 10 3
