95 4
0 1 37 0
0 10 2 0
0 16 6 0
0 24 4 0
1 16 6 0
1 24 10 0
2 35 1 0
2 66 1 0
2 86 1 0
2 93 1 0
3 5 1 0
3 32 1 0
3 48 1 0
3 61 1 0
4 63 2 0
5 18 1 0
5 60 2 0
6 55 1 0
6 76 1 0
6 81 1 0
7 14 1 0
7 19 1 0
7 23 1 0
7 51 6 0
7 72 1 0
7 77 1 0
8 28 1 0
8 62 2 0
8 74 1 0
8 77 2 0
9 69 1 0
11 69 1 0
11 71 1 0
12 35 1 0
12 39 3 0
13 18 1 0
13 21 2 0
13 42 1 0
14 59 2 0
14 67 1 0
14 69 1 0
14 86 1 0
15 31 1 0
17 61 1 0
17 63 1 0
18 54 1 0
18 68 1 0
19 61 1 0
19 71 1 0
20 23 1 0
20 32 1 0
20 61 2 0
20 65 1 0
20 70 1 0
20 79 1 0
20 82 1 0
21 23 1 0
21 28 1 0
21 38 1 0
21 42 2 0
21 48 1 0
21 71 1 0
22 34 3 0
22 56 1 0
23 33 2 0
23 36 1 0
23 51 1 0
23 70 1 0
25 43 1 0
25 72 1 0
27 33 1 0
27 48 1 0
27 60 2 0
27 61 2 0
27 66 1 0
27 68 1 0
27 73 1 0
28 50 1 0
28 56 1 0
28 71 1 0
29 58 1 0
29 62 2 0
30 64 1 0
30 67 1 0
30 78 1 0
30 82 4 0
30 83 1 0
31 34 3 0
31 35 2 0
31 40 1 0
31 43 3 0
31 53 6 0
32 39 3 0
32 69 2 0
32 72 1 0
33 40 1 0
33 57 1 0
33 85 1 0
35 37 2 0
37 44 1 0
38 65 1 0
38 67 1 0
38 75 1 0
39 60 2 0
40 68 1 0
40 90 1 0
41 49 1 0
41 78 10 0
42 54 1 0
42 67 1 0
42 80 1 0
43 44 2 0
43 65 1 0
43 72 1 0
43 90 1 0
43 94 1 0
44 92 1 0
45 61 1 0
46 87 2 0
47 63 1 0
47 67 2 0
48 61 2 0
48 71 1 0
48 91 1 0
49 59 1 0
49 61 1 0
49 76 2 0
49 83 1 0
51 58 1 0
51 66 1 0
52 55 1 0
52 58 1 0
53 82 3 0
54 63 1 0
54 70 1 0
55 56 2 0
55 64 1 0
56 64 2 0
57 60 1 0
57 67 2 0
57 70 1 0
60 94 1 0
61 62 2 0
61 67 2 0
61 69 1 0
61 73 1 0
61 80 1 0
62 67 3 0
62 73 1 0
63 71 1 0
65 75 1 0
69 81 2 0
70 75 1 0
73 83 1 0
76 81 1 0
77 79 8 0
78 85 2 0
79 80 1 0
90 94 18 0
0 1 44 1
0 16 8 1
0 24 16 1
1 16 8 1
1 24 21 1
2 3 1 1
2 77 1 1
2 93 2 1
3 7 1 1
4 14 1 1
4 63 5 1
5 20 1 1
5 21 1 1
5 22 1 1
5 60 1 1
5 79 2 1
6 81 1 1
7 12 1 1
7 51 5 1
8 12 2 1
8 23 1 1
8 62 3 1
8 77 3 1
9 30 1 1
9 62 1 1
9 72 1 1
10 61 1 1
11 63 1 1
11 73 1 1
11 80 1 1
12 16 2 1
12 26 1 1
12 39 2 1
12 77 2 1
12 80 1 1
13 17 1 1
13 21 2 1
13 31 1 1
13 42 2 1
14 25 5 1
14 28 1 1
14 43 1 1
14 54 3 1
15 28 1 1
15 31 2 1
15 68 1 1
15 86 1 1
16 24 1 1
17 18 1 1
18 22 1 1
18 66 1 1
18 68 1 1
18 76 3 1
18 93 1 1
19 28 1 1
19 45 1 1
20 27 1 1
20 52 1 1
20 62 1 1
20 79 1 1
21 26 2 1
21 42 1 1
21 43 1 1
21 64 2 1
21 71 1 1
21 85 1 1
22 28 1 1
22 34 3 1
23 33 1 1
23 43 1 1
23 85 1 1
25 27 1 1
25 61 1 1
25 68 1 1
25 69 2 1
26 43 1 1
26 45 2 1
26 58 1 1
26 61 1 1
27 31 1 1
27 32 1 1
27 43 1 1
27 60 3 1
27 84 1 1
28 50 4 1
28 58 1 1
29 54 1 1
30 61 1 1
30 78 1 1
30 82 4 1
31 34 1 1
31 43 3 1
31 53 1 1
31 66 2 1
32 39 3 1
32 69 4 1
32 72 2 1
32 75 1 1
32 86 1 1
33 40 1 1
33 53 3 1
33 57 2 1
33 82 1 1
33 85 4 1
35 51 2 1
36 52 1 1
37 44 1 1
38 80 1 1
39 49 1 1
39 68 1 1
39 80 1 1
39 86 2 1
40 57 1 1
40 58 1 1
40 71 1 1
41 78 7 1
42 52 1 1
42 80 1 1
43 53 1 1
43 57 1 1
43 72 1 1
44 80 1 1
44 92 2 1
45 51 1 1
45 71 1 1
48 54 1 1
48 56 3 1
48 68 1 1
48 79 1 1
49 62 1 1
49 76 1 1
49 79 1 1
50 64 1 1
51 58 1 1
51 65 1 1
52 60 2 1
53 55 1 1
53 82 6 1
55 56 3 1
55 64 3 1
56 60 1 1
56 64 2 1
56 68 2 1
57 58 1 1
57 67 2 1
57 72 1 1
58 66 1 1
58 69 2 1
58 80 1 1
59 81 2 1
60 65 1 1
60 71 1 1
60 72 1 1
61 69 1 1
61 76 1 1
62 63 1 1
62 72 2 1
62 73 1 1
63 65 1 1
63 84 1 1
68 80 1 1
69 78 1 1
69 85 1 1
70 93 3 1
71 86 1 1
77 93 3 1
78 85 3 1
79 93 2 1
88 89 1 1
88 91 4 1
90 94 19 1
0 1 37 2
0 16 4 2
0 24 24 2
1 16 6 2
1 24 31 2
2 35 1 2
3 11 1 2
3 20 1 2
3 77 1 2
4 63 2 2
4 83 1 2
5 7 1 2
5 21 1 2
5 22 1 2
5 47 3 2
5 79 2 2
6 26 1 2
6 42 1 2
6 76 2 2
6 81 11 2
7 17 1 2
7 27 2 2
7 35 1 2
7 48 1 2
7 51 3 2
7 55 2 2
7 67 1 2
7 79 1 2
8 23 1 2
8 35 1 2
8 61 2 2
8 62 1 2
8 66 1 2
8 67 1 2
8 77 1 2
9 39 1 2
9 41 1 2
9 52 1 2
9 72 1 2
10 52 1 2
11 20 1 2
11 40 1 2
11 68 1 2
11 69 1 2
11 83 1 2
12 27 1 2
12 51 1 2
13 42 2 2
13 67 1 2
13 78 1 2
13 85 2 2
14 25 1 2
14 54 1 2
15 28 1 2
15 45 1 2
15 79 1 2
15 83 1 2
15 86 1 2
16 18 1 2
16 24 3 2
16 72 2 2
16 76 1 2
17 18 2 2
18 22 1 2
18 28 2 2
18 49 1 2
18 68 1 2
19 45 3 2
19 47 1 2
19 51 1 2
21 36 1 2
21 42 1 2
22 34 3 2
22 85 1 2
23 62 1 2
23 82 1 2
23 84 4 2
23 86 3 2
25 72 1 2
26 58 1 2
26 61 1 2
26 68 1 2
27 31 1 2
27 54 1 2
27 61 1 2
27 68 1 2
28 39 1 2
28 49 1 2
28 56 1 2
28 58 1 2
28 70 1 2
28 76 2 2
29 36 4 2
29 68 1 2
29 72 3 2
29 93 1 2
30 67 1 2
30 78 3 2
30 82 2 2
31 49 1 2
31 68 1 2
32 39 1 2
32 49 1 2
32 69 3 2
32 72 2 2
32 82 1 2
32 86 1 2
33 53 6 2
33 85 8 2
34 66 1 2
36 50 1 2
36 62 1 2
37 56 1 2
37 75 1 2
37 82 1 2
38 67 3 2
38 80 1 2
39 44 2 2
39 47 1 2
39 61 1 2
39 67 1 2
39 68 2 2
39 75 1 2
39 76 1 2
39 80 3 2
39 86 1 2
40 58 1 2
40 61 1 2
41 78 13 2
42 43 1 2
42 78 1 2
43 44 1 2
43 66 1 2
43 76 1 2
43 84 3 2
43 86 3 2
44 80 2 2
44 92 7 2
46 87 3 2
47 64 2 2
47 67 1 2
47 70 1 2
48 56 2 2
49 70 1 2
50 58 1 2
50 61 1 2
51 55 1 2
52 62 1 2
53 70 1 2
53 82 9 2
54 63 1 2
55 67 1 2
55 73 1 2
55 75 1 2
55 82 1 2
56 65 1 2
56 68 1 2
56 75 1 2
56 81 1 2
57 58 2 2
57 67 2 2
58 66 1 2
58 75 1 2
58 76 1 2
60 61 2 2
60 83 1 2
60 86 1 2
61 71 1 2
62 68 1 2
62 73 2 2
63 75 2 2
65 67 1 2
65 80 1 2
65 89 2 2
66 71 1 2
66 72 1 2
68 71 1 2
68 93 4 2
71 72 3 2
71 86 1 2
77 79 1 2
77 93 4 2
78 85 1 2
79 93 1 2
88 91 2 2
90 91 1 2
90 94 15 2
0 1 43 3
0 24 15 3
1 16 3 3
1 24 20 3
2 22 1 3
2 49 1 3
2 71 1 3
2 93 1 3
3 7 1 3
3 13 1 3
3 34 3 3
3 40 1 3
3 43 1 3
3 77 2 3
3 83 1 3
4 51 1 3
4 52 4 3
4 63 4 3
5 18 1 3
5 21 2 3
5 36 1 3
5 47 1 3
5 76 1 3
5 79 4 3
5 93 1 3
6 26 2 3
6 76 1 3
6 81 5 3
7 43 1 3
7 51 1 3
7 55 2 3
7 67 2 3
7 69 1 3
7 73 1 3
8 60 1 3
8 61 1 3
9 30 1 3
9 44 2 3
9 80 1 3
11 63 1 3
11 71 1 3
12 20 1 3
12 25 1 3
12 39 1 3
12 43 1 3
12 47 1 3
12 57 1 3
12 61 2 3
12 62 1 3
12 71 1 3
12 83 1 3
12 86 1 3
13 30 1 3
13 32 1 3
13 61 2 3
13 67 1 3
14 25 1 3
14 36 1 3
15 20 1 3
15 83 1 3
16 24 2 3
16 45 1 3
17 20 1 3
17 23 1 3
17 62 1 3
18 26 1 3
18 51 1 3
18 69 1 3
18 70 1 3
18 82 1 3
19 28 1 3
19 45 2 3
19 48 1 3
20 36 2 3
20 52 1 3
20 60 1 3
20 62 1 3
20 63 1 3
20 66 1 3
21 30 1 3
21 42 1 3
21 64 2 3
21 66 2 3
22 34 1 3
22 56 1 3
23 33 1 3
23 36 1 3
23 52 1 3
23 64 1 3
23 70 1 3
23 72 2 3
25 62 1 3
26 54 1 3
26 72 1 3
27 66 1 3
27 73 2 3
28 36 1 3
28 39 1 3
28 47 1 3
28 50 2 3
28 56 1 3
28 70 1 3
29 39 1 3
29 45 1 3
29 49 1 3
29 62 1 3
29 68 2 3
29 72 2 3
30 42 2 3
30 61 1 3
30 68 2 3
30 83 1 3
31 34 3 3
31 61 1 3
32 39 1 3
32 52 1 3
32 69 2 3
32 82 1 3
32 84 2 3
33 57 1 3
33 85 2 3
35 62 1 3
35 88 2 3
36 52 1 3
36 60 1 3
38 45 1 3
38 55 1 3
38 67 1 3
38 70 1 3
38 73 1 3
39 44 1 3
39 67 2 3
39 80 4 3
40 42 1 3
40 56 1 3
41 49 1 3
41 58 1 3
41 78 11 3
43 44 1 3
43 70 1 3
43 84 2 3
44 80 1 3
44 92 3 3
45 49 2 3
46 87 2 3
47 48 1 3
47 54 2 3
47 61 1 3
47 64 5 3
47 67 1 3
47 71 1 3
47 84 1 3
47 86 1 3
48 61 1 3
49 59 4 3
49 60 1 3
49 93 1 3
50 58 2 3
50 63 1 3
50 79 1 3
52 60 2 3
52 63 1 3
53 55 1 3
53 66 1 3
53 67 1 3
53 82 7 3
54 57 2 3
54 61 2 3
55 64 1 3
55 70 2 3
56 64 1 3
57 61 2 3
58 61 1 3
58 68 1 3
58 78 1 3
60 61 1 3
60 71 1 3
61 68 1 3
61 69 1 3
61 75 2 3
61 86 3 3
62 66 1 3
62 73 1 3
62 80 3 3
63 75 1 3
63 84 1 3
64 70 1 3
65 66 1 3
66 72 1 3
67 80 1 3
69 75 1 3
70 72 1 3
70 76 1 3
70 93 1 3
71 72 1 3
73 86 1 3
76 86 1 3
77 93 4 3
78 85 3 3
79 93 2 3
88 91 3 3
90 94 15 3
