25 4
0 1 37 0
2 4 1 0
2 7 1 0
2 21 1 0
3 17 1 0
4 15 1 0
4 20 1 0
5 7 1 0
5 9 1 0
5 20 1 0
7 19 1 0
8 14 2 0
8 15 2 0
8 17 1 0
9 20 1 0
10 16 2 0
11 17 1 0
11 23 1 0
12 21 1 0
12 23 1 0
12 24 1 0
13 15 1 0
14 24 1 0
15 16 2 0
15 18 1 0
18 22 2 0
23 24 18 0
0 1 44 1
3 6 1 1
3 17 1 1
4 9 1 1
5 12 1 1
5 20 1 1
6 9 1 1
7 12 1 1
8 12 1 1
8 14 3 1
11 20 1 1
12 21 1 1
13 16 1 1
14 20 1 1
14 21 1 1
15 18 1 1
16 21 2 1
23 24 19 1
0 1 37 2
2 8 2 2
3 6 1 2
3 9 2 2
3 13 1 2
3 17 1 2
7 16 1 2
8 15 1 2
8 17 1 2
9 13 1 2
9 19 1 2
10 17 1 2
10 21 3 2
11 15 1 2
13 19 1 2
14 15 2 2
15 20 1 2
16 17 1 2
17 20 1 2
20 21 3 2
23 24 15 2
0 1 43 3
2 12 1 3
2 18 1 3
3 18 1 3
3 19 1 3
4 9 1 3
7 19 1 3
7 21 2 3
9 19 1 3
10 13 1 3
10 16 1 3
10 17 2 3
10 21 2 3
12 19 1 3
13 14 1 3
14 15 1 3
14 20 1 3
15 17 1 3
15 18 1 3
19 21 1 3
20 21 1 3
23 24 15 3