47 4
0 1 37 0
0 15 4 0
1 15 10 0
2 3 1 0
2 21 1 0
2 34 1 0
3 9 1 0
3 33 2 0
4 7 1 0
4 10 1 0
4 14 1 0
4 41 1 0
5 38 1 0
6 38 1 0
6 40 1 0
7 38 1 0
8 34 1 0
9 37 1 0
10 34 1 0
10 40 1 0
11 14 1 0
11 21 1 0
11 34 2 0
11 39 1 0
11 44 1 0
12 14 1 0
12 18 1 0
12 26 2 0
12 40 1 0
14 22 2 0
14 23 1 0
14 39 1 0
16 27 1 0
16 41 1 0
17 22 1 0
17 33 2 0
17 34 2 0
17 36 1 0
17 37 1 0
18 29 1 0
18 40 1 0
19 32 1 0
19 35 2 0
20 44 4 0
21 24 3 0
21 38 2 0
21 41 1 0
22 25 1 0
24 33 2 0
25 37 1 0
25 45 1 0
26 42 1 0
27 41 1 0
27 45 1 0
27 46 1 0
28 34 1 0
30 31 1 0
30 32 1 0
33 46 1 0
34 35 2 0
34 38 1 0
34 42 1 0
38 43 2 0
45 46 18 0
0 1 44 1
0 15 16 1
1 15 21 1
2 4 1 1
3 11 1 1
3 12 1 1
3 13 1 1
3 33 1 1
5 20 1 1
5 35 1 1
5 41 1 1
6 42 1 1
7 16 5 1
7 18 1 1
7 27 1 1
8 9 1 1
9 13 1 1
9 36 1 1
9 37 1 1
10 18 1 1
11 17 1 1
11 30 1 1
11 35 1 1
12 26 1 1
12 27 1 1
12 40 1 1
13 18 1 1
14 22 1 1
14 27 1 1
16 17 1 1
16 34 1 1
16 37 1 1
16 38 2 1
17 21 1 1
17 27 1 1
17 33 3 1
18 29 4 1
18 32 1 1
20 34 1 1
20 44 4 1
21 24 3 1
21 38 4 1
21 41 2 1
22 25 1 1
22 44 1 1
23 30 1 1
24 28 1 1
24 37 1 1
24 42 1 1
25 32 1 1
25 40 1 1
26 30 1 1
26 42 1 1
27 41 1 1
28 35 1 1
30 33 2 1
32 36 1 1
32 38 2 1
32 42 1 1
33 40 1 1
33 41 1 1
34 38 1 1
35 41 2 1
37 42 1 1
45 46 19 1
0 1 37 2
0 15 24 2
1 15 31 2
2 6 1 2
2 11 1 2
3 4 1 2
3 12 1 2
3 13 1 2
4 8 1 2
4 17 2 2
4 31 2 2
5 24 1 2
5 30 1 2
5 41 1 2
6 11 1 2
6 25 1 2
6 37 1 2
6 38 1 2
7 16 1 2
8 9 2 2
9 13 1 2
9 18 2 2
9 28 1 2
9 37 1 2
12 23 1 2
12 26 1 2
14 35 1 2
14 44 1 2
16 41 1 2
17 34 1 2
17 37 1 2
18 24 1 2
18 28 1 2
18 32 1 2
18 39 1 2
19 23 4 2
19 37 1 2
19 41 3 2
20 44 2 2
21 24 1 2
21 28 1 2
21 38 3 2
21 41 2 2
21 44 1 2
23 29 1 2
23 35 1 2
24 34 1 2
24 37 2 2
24 42 3 2
25 32 1 2
25 34 1 2
26 27 1 2
27 36 1 2
28 39 1 2
29 32 1 2
29 34 1 2
30 35 1 2
31 44 1 2
32 36 1 2
33 34 2 2
34 40 1 2
35 37 1 2
36 40 1 2
36 41 1 2
37 40 1 2
40 41 3 2
45 46 15 2
0 1 43 3
0 15 15 3
1 15 20 3
2 4 1 3
2 25 1 3
2 27 1 3
3 9 1 3
3 12 2 3
3 23 1 3
4 27 1 3
4 31 2 3
4 38 1 3
5 20 1 3
5 42 1 3
6 40 1 3
7 16 1 3
7 23 1 3
8 11 1 3
8 14 1 3
8 35 1 3
9 38 1 3
9 39 1 3
9 44 1 3
10 18 1 3
11 23 2 3
11 30 1 3
11 33 1 3
11 35 1 3
11 36 1 3
12 20 1 3
12 26 1 3
12 36 2 3
14 22 1 3
14 23 1 3
14 30 1 3
14 39 1 3
14 41 2 3
16 35 1 3
17 36 1 3
18 23 1 3
18 24 1 3
18 29 2 3
18 39 1 3
19 24 1 3
19 28 1 3
19 35 1 3
19 37 2 3
19 41 2 3
20 26 2 3
20 34 1 3
20 37 2 3
21 24 1 3
21 30 1 3
21 38 2 3
21 44 1 3
23 30 1 3
23 33 1 3
24 42 4 3
25 26 1 3
27 39 1 3
28 33 1 3
29 32 2 3
30 33 2 3
31 39 2 3
32 34 1 3
32 37 1 3
33 34 1 3
33 40 1 3
34 37 1 3
34 38 1 3
35 36 1 3
35 42 3 3
36 41 1 3
39 41 1 3
40 41 1 3
45 46 15 3
